Final SSE Objective: 0.09221732478446891
K: 0.5280686804191848
T: 160.98841281582534
theta: 35.21872295460488